 276 343 174 350 156 000 350 174 000 271 003 000 350 257 000 074
 155 165 013 350 071 000 350 133 000 350 151 000 353 356 074 010
 165 016 203 371 003 162 001 116 306 004 000 350 072 000 353 323
 054 060 074 007 167 016 212 034 300 343 003 000 303 210 034 342
 313 106 353 277 276 322 174 350 111 000 350 226 000 353 376 350
 042 000 126 276 343 174 254 010 300 164 010 350 101 000 350 034
 000 353 363 350 016 000 136 303 126 350 010 000 276 316 174 350
 041 000 136 303 126 276 313 174 350 030 000 136 303 120 260 040
 350 013 000 130 303 126 276 311 174 350 007 000 136 303 264 016
 315 020 303 254 010 300 164 006 264 016 315 020 353 365 303 120
 210 304 300 350 004 350 007 000 130 044 017 350 001 000 303 074
 011 166 004 004 067 353 002 004 060 264 016 315 020 303 264 000
 315 026 264 016 315 020 303 343 174 076 000 012 015 000 104 105
 114 000 012 015 105 170 145 143 165 164 151 156 147 056 056 056
 012 015 000 000 000 000 000 000 000 000 000 000 000 000 000 000
 000 000 000 000 000 000 000 000 000 000 000 000 000 000 000 000
 000 000 000 000 000 000 000 000 000 000 000 000 000 000 000 000
 000 000 000 000 000 000 000 000 000 000 000 000 000 000 000 000
 000 000 000 000 000 000 000 000 000 000 000 000 000 000 000 000
 000 000 000 000 000 000 000 000 000 000 000 000 000 000 000 000
 000 000 000 000 000 000 000 000 000 000 000 000 000 000 000 000
 000 000 000 000 000 000 000 000 000 000 000 000 000 000 000 000
 000 000 000 000 000 000 000 000 000 000 000 000 000 000 000 000
 000 000 000 000 000 000 000 000 000 000 000 000 000 000 000 000
 000 000 000 000 000 000 000 000 000 000 000 000 000 000 000 000
 000 000 000 000 000 000 000 000 000 000 000 000 000 000 000 000
 000 000 000 000 000 000 000 000 000 000 000 000 000 000 000 000
 000 000 000 000 000 000 000 000 000 000 000 000 000 000 000 000
 000 000 000 000 000 000 000 000 000 000 000 000 000 000 000 000
 000 000 000 000 000 000 000 000 000 000 000 000 000 000 000 000
 000 000 000 000 000 000 000 000 000 000 000 000 000 000 000 000
 000 000 000 000 000 000 000 000 000 000 000 000 000 000 125 252
