 350 171 000 276 000 176 350 322 000 350 340 000 271 003 000 350
 023 001 074 155 165 013 350 173 000 350 277 000 350 315 000 353
 356 074 163 165 013 350 071 000 350 260 000 350 276 000 353 337
 074 010 165 016 203 371 003 162 001 116 306 004 000 350 217 000
 353 304 054 060 074 007 167 016 212 034 300 343 003 000 303 210
 034 342 274 106 353 260 276 116 175 350 236 000 350 241 001 353
 376 264 003 260 001 265 000 261 002 266 000 262 000 273 000 176
 315 023 162 004 350 267 000 303 350 272 000 303 264 002 260 001
 265 000 261 002 266 000 262 000 273 000 176 315 023 162 001 303
 350 251 000 303 350 104 000 126 276 000 176 213 076 103 175 254
 010 300 164 023 120 211 370 350 032 000 130 350 016 000 350 125
 000 350 060 000 107 353 350 350 041 000 136 303 120 260 072 350
 063 000 130 303 120 210 340 350 074 000 130 350 070 000 303 126
 350 010 000 276 112 175 350 041 000 136 303 126 276 107 175 350
 030 000 136 303 120 260 040 350 013 000 130 303 126 276 105 175
 350 007 000 136 303 264 016 315 020 303 254 010 300 164 006 264
 016 315 020 353 365 303 120 210 304 300 350 004 350 007 000 130
 044 017 350 001 000 303 074 011 166 004 004 067 353 002 004 060
 264 016 315 020 303 264 000 315 026 264 016 315 020 303 276 137
 175 350 306 377 303 276 162 175 350 277 377 303 276 214 175 350
 270 377 303 000 176 076 000 012 015 000 104 105 114 000 012 015
 105 170 145 143 165 164 151 156 147 056 056 056 012 015 000 012
 015 120 162 157 147 162 141 155 040 163 141 166 145 144 041 012
 015 000 012 015 105 162 162 157 162 040 163 141 166 151 156 147
 040 164 157 040 144 151 163 153 041 012 015 000 012 015 105 162
 162 157 162 040 154 157 141 144 151 156 147 040 146 162 157 155
 040 144 151 163 153 041 012 015 000 000 000 000 000 000 000 000
 000 000 000 000 000 000 000 000 000 000 000 000 000 000 000 000
 000 000 000 000 000 000 000 000 000 000 000 000 000 000 000 000
 000 000 000 000 000 000 000 000 000 000 000 000 000 000 000 000
 000 000 000 000 000 000 000 000 000 000 000 000 000 000 000 000
 000 000 000 000 000 000 000 000 000 000 000 000 000 000 125 252
 000 000 000 000 000 000 000 000 000 000 000 000 000 000 000 000
 000 000 000 000 000 000 000 000 000 000 000 000 000 000 000 000
 000 000 000 000 000 000 000 000 000 000 000 000 000 000 000 000
 000 000 000 000 000 000 000 000 000 000 000 000 000 000 000 000
 000 000 000 000 000 000 000 000 000 000 000 000 000 000 000 000
 000 000 000 000 000 000 000 000 000 000 000 000 000 000 000 000
 000 000 000 000 000 000 000 000 000 000 000 000 000 000 000 000
 000 000 000 000 000 000 000 000 000 000 000 000 000 000 000 000
 000 000 000 000 000 000 000 000 000 000 000 000 000 000 000 000
 000 000 000 000 000 000 000 000 000 000 000 000 000 000 000 000
 000 000 000 000 000 000 000 000 000 000 000 000 000 000 000 000
 000 000 000 000 000 000 000 000 000 000 000 000 000 000 000 000
 000 000 000 000 000 000 000 000 000 000 000 000 000 000 000 000
 000 000 000 000 000 000 000 000 000 000 000 000 000 000 000 000
 000 000 000 000 000 000 000 000 000 000 000 000 000 000 000 000
 000 000 000 000 000 000 000 000 000 000 000 000 000 000 000 000
 000 000 000 000 000 000 000 000 000 000 000 000 000 000 000 000
 000 000 000 000 000 000 000 000 000 000 000 000 000 000 000 000
 000 000 000 000 000 000 000 000 000 000 000 000 000 000 000 000
 000 000 000 000 000 000 000 000 000 000 000 000 000 000 000 000
 000 000 000 000 000 000 000 000 000 000 000 000 000 000 000 000
 000 000 000 000 000 000 000 000 000 000 000 000 000 000 000 000
 000 000 000 000 000 000 000 000 000 000 000 000 000 000 000 000
 000 000 000 000 000 000 000 000 000 000 000 000 000 000 000 000
 000 000 000 000 000 000 000 000 000 000 000 000 000 000 000 000
 000 000 000 000 000 000 000 000 000 000 000 000 000 000 000 000
 000 000 000 000 000 000 000 000 000 000 000 000 000 000 000 000
 000 000 000 000 000 000 000 000 000 000 000 000 000 000 000 000
 000 000 000 000 000 000 000 000 000 000 000 000 000 000 000 000
 000 000 000 000 000 000 000 000 000 000 000 000 000 000 000 000
 000 000 000 000 000 000 000 000 000 000 000 000 000 000 000 000
 000 000 000 000 000 000 000 000 000 000 000 000 000 000 000 000
